348.67
54.48
371.46
117.84
119.39
140.25
364.58
43.3
264.83
112.04
170.02
72.01
116.39
199.5
115.42
180.89
159.72
140.07
48.35
340.32
233.31
431.44
52.35
241.3
103.41
49.68
218.86
183.21
295.0
118.45
58.49
214.06
151.37
62.5
206.7
97.0
420.38
284.34
296.86
198.0
413.92
292.58
126.88
214.79
196.4
13.09
418.55
436.24
270.03
25.73
490.4
55.82
79.14
253.93
38.14
221.6
16.71
18.65
151.36
76.82
83.84
72.71
138.1
132.5
215.16
65.26
38.86
200.39
330.87
222.87
58.05
251.29
129.11
96.41
637.91
132.67
53.6
11.62
209.36
40.94
365.2
263.59
137.92
239.46
201.33
90.81
109.8
86.55
141.57
43.65
207.86
15.89
650.38
364.76
140.16
140.238
303.63
39.05
146.13
42.49
