301.45
584.31
239.46
490.4
51.3
140.16
365.05
205.32
380.66
43.3
142.83
263.59
189.74
340.32
334.01
35.91
49.15
115.42
79.14
160.43
255.19
322.11
40.16
34.95
103.41
58.49
139.26
54.34
82.35
219.58
35.07
194.9
38.14
177.57
144.68
126.61
49.79
130.89
177.41
76.82
270.03
292.58
192.69
132.5
22.55
22.33
223.72
177.09
179.55
153.09
214.06
86.55
73.93
198.0
251.29
169.27
20.03
98.12
380.72
116.75
56.35
141.33
199.47
126.88
295.0
99.35
40.94
94.68
87.42
293.44
101.43
72.01
218.86
61.75
115.96
99.7
150.96
42.49
39.68
296.86
129.11
108.14
79.54
57.01
650.38
110.37
439.06
136.42
119.39
131.12
86.8
99.32
185.9
101.57
365.2
166.62
170.02
120.93
18.52
233.58
244.43
54.48
133.04
164.83
118.45
253.93
175.62
243.52
168.48
53.6
218.34
248.54
239.71
97.39
32.95
92.8
137.92
58.05
420.38
138.9
153.14
52.35
142.44
52.64
288.69
322.47
132.67
223.12
405.41
257.17
89.41
323.16
38.86
43.65
90.09
7.93
136.96
140.25
151.37
266.86
171.45
430.03
205.12
195.03
96.13
16.71
98.42
61.67
40.2
215.16
18.65
22.61
13.09
329.67
140.07
130.76
90.81
161.15
233.31
138.1
221.6
141.57
100.12
39.05
214.79
90.44
175.17
60.95
431.44
357.77
11.62
46.33
200.39
330.87
371.46
92.87
94.16
192.85
25.73
83.74
289.65
86.71
40.81
219.74
190.67
14.84
10.13
436.24
262.28
199.64
478.02
80.18
186.92
80.21
125.37
376.03
173.57
48.35
199.5
52.21
