75.12116202151003
252.01265726655714
100.56918543997038
183.53121656746734
227.42046506160867
120.89208736500662
161.91342983269465
61.90293694754049
29.370464766980746
520.9208308284502
70.89915688426076
40.337031191815306
252.05884426852185
84.56971112931986
140.4437008282614
65.9848566455898
103.26834214291735
27.826060894528478
148.91719094533786
135.52822366728714
156.2887881735534
265.69876884078485
72.68907165172249
291.6717346342759
111.29667440528313
134.66743996733084
77.92380703923696
259.6036311203173
204.9428822567287
42.48310852559045
60.365264250964835
65.51442118759479
152.6462759846485
149.5054813703997
231.67207224674033
272.66880877068076
55.95070787560971
264.54454534788283
154.56317016148202
183.79686634763402
107.53188233599836
539.7454591133142
202.72308707704352
26.09658419005898
34.145536835628114
369.67150439626664
22.22587750617442
321.81401338479515
461.4049037045511
100.63711292646877
194.61708273611097
253.7720437259474
143.55614270663548
271.11261060872107
85.00677183069132
152.63297142811567
209.14591898907895
172.40246876018642
43.03067629801426
162.57326854722362
38.05138632250148
91.59320948067197
254.56029230365104
94.36199308894054
214.42265053798602
247.54079305742488
219.2857742198235
95.63981922191087
174.82846695698635
52.129382388593875
109.42780451071546
157.14570188967718
98.03619076394527
351.8692332531023
169.49449744296285
151.6205681594307
25.06122581201796
259.9324384161038
141.78584139436555
128.12163817196404
258.64306456752126
54.00530908977978
207.47959822898412
251.09796445795158
103.60110484236561
299.7122523586547
155.07740843401746
94.47432227856389
99.09606861311228
323.5988656830244
240.60475821889546
64.83821949410783
304.47718337518575
26.28374704007099
89.45841609570698
24.740527169361172
97.6508933481945
157.8225382467904
123.11068708000806
34.127599078775674
432.96844324489035
213.77708508114569
82.57042208342504
289.76990222151255
285.161842082372
116.7423010130224
65.86312681769324
306.9952316981176
128.64836875813916
208.59594611999233
112.30830182713422
291.0403773399265
266.97241152885186
189.09682780751507
199.78406404134512
122.14895473272396
62.804640327341495
52.31134648231855
96.00747362489888
24.46253208504603
329.5969037922675
122.00570411267545
266.33295509338546
49.289282804408906
92.92666324719106
53.28925223335068
152.32204537516347
170.40813421911537
201.9483865773755
43.64669274029206
137.1929774897961
115.82271751604289
111.03446961323479
149.08822747717548
121.26037787421154
87.95155483974867
191.01428888483449
286.53324788215076
96.70581015201554
78.87380224470743
40.96236776767054
145.53180281399327
197.15442103246647
99.91238725793436
181.10511034358092
128.21215461595966
31.41345760556918
230.8294563275623
181.92169253691398
97.66148867807999
75.16374305731769
186.4637031279931
137.28545920562465
79.02398277233988
320.8294130023121
28.292127274609665
152.7208806036568
22.405233774381674
56.275618930817785
26.446204405000508
260.32316316792406
225.27848051924485
360.7744000015034
30.935964893426622
168.3417421703112
117.03659844354799
217.0741527428004
33.17290033268566
201.1315723671167
243.74243193701525
302.2235219903521
260.7084961623154
59.33002521595891
62.441596502007286
225.94478873994316
116.23822910241518
157.66085058086372
158.96481809661745
176.59608715600527
143.49530965139246
343.27540165392213
30.124924620571562
57.003328480365425
252.21590662006426
84.8847978150973
280.25758082788445
46.15441015874351
222.9178993756678
215.74394168277783
197.5115621304467
325.68483430419957
180.33938029187522
118.74594985765039
23.84344811051644
129.789991523466
90.27009867986891
425.9778565639158
228.9411719117121
152.56614795906168
274.52066764933187
134.33831744789302
99.19028597317718
306.2645538017994
23.46911633420676
69.63926725395484
23.366140171718175
324.9893626908912
383.52162179945014
217.7909213132737
152.63601433322995
228.153494709633
247.77367936544968
111.41740118997043
222.10200691332764
43.565917537779356
142.78313427175357
175.57725218509157
137.56814157912936
325.0958596337132
62.99341694395304
83.72208177111793
451.2808709475395
222.20010845723058
186.18317496927386
206.19909364741903
285.4975705415619
290.0443882654964
63.057557467889595
224.5193870971625
272.103513370687
302.04415003345247
117.23248772049139
17.01090366821659
9.612387194911676
70.94703775885442
185.35257070864705
237.51199300213636
44.00718688054102
150.46200397450832
392.55236639694
244.40697901129147
68.71261335874212
81.41911660451288
67.48204128401095
89.19318553339512
152.3334239871857
287.8127274446886
239.73153389602436
130.65955118499684
188.2355852849267
528.1516585638238
87.88808218822203
10.357476358474736
32.05793864405303
172.0763611918876
60.55623582897668
169.0899809709865
141.58893561571875
154.56838673598125
160.78868537640136
252.23075537395763
91.2965916296688
190.81216846244595
105.62014813214223
216.666013321783
41.21077346117263
31.331863678044066
113.78536611157483
401.72365634132893
21.514057722624322
16.59406422959974
69.57268161019091
21.87307736375369
131.27185418524965
43.27423654395088
233.75714333938888
380.9859446878545
314.12094936816663
96.45995615207796
683.6447222165834
94.28120974664532
227.80094361138032
76.31088381882306
391.9374898986745
231.29726723959845
99.53928708406418
105.39205343081827
32.707377533212444
276.1175707052337
222.27900377825614
260.269708081385
150.55416164571426
174.67528016271626
156.89551332233577
249.44336593185673
72.38180388873904
164.58067253997334
108.46441386347006
13.487123796524289
228.03869909644027