130.89
43.30
131.12
214.79
208.16
223.12
189.74
243.52
112.04
340.32
404.58
584.31
380.72
165.78
236.19
94.68
54.48
295.00
72.71
251.29
20.03
146.13
63.98
303.63
86.80
185.90
263.59
221.60
86.55
90.44
233.31
16.71
169.27
47.46
275.90
60.95
34.95
54.34
329.63
192.69
192.85
194.90
110.37
209.36
180.89
288.69
100.43
150.41
199.82
87.42
257.17
15.89
14.84
51.80
418.55
7.93
62.50
174.34
18.65
159.72
96.41
116.75
96.13
164.83
68.31
420.38
118.45
42.49
222.87
141.33
115.42
58.95
38.14
126.61
103.41
116.39
74.40
22.55
92.37
82.35
126.88
39.68
179.55
159.37
92.80
292.58
35.07
35.91
365.05
99.32
170.04
439.06
322.11
490.40
364.58
58.49
72.01
177.09
183.21
22.33
98.12
140.25
470.49
357.77
430.03
73.93
83.74
52.64
93.91
38.86
80.18
49.15
323.16
195.03
129.11
98.24
431.44
153.09
199.64
79.14
120.93
83.84
32.05
239.46
160.43
262.28
155.02
11.62
179.65
40.16
248.54
361.40
98.42
88.76
241.30
22.61
58.05
39.05
243.64
218.86
76.82
327.91
136.96
371.46
101.57
329.67
115.96
161.15
296.86
119.74
109.34
117.84
176.36
40.20
190.67
62.13
171.45
330.87
405.41
223.72
239.71
199.50
49.79
61.67
52.21
72.04
99.70
233.58
150.96
198.00
201.33
108.14
80.21
173.85
144.68
175.17
129.94
142.44
79.91
86.71
56.35
43.21
140.62
206.70
168.48
137.92
51.30
55.82
153.14
218.34
220.22
376.03
89.41
97.39
112.53
25.73
109.80
413.92
204.84
142.83
265.61
48.35
348.67
257.96
186.92
132.50
486.86
219.58
123.58
151.37
109.11
288.02
138.90
244.43
207.86
40.81
32.95
255.19
133.04
100.12
140.07
196.40
119.39
175.92
90.09
163.33
136.42
200.39
293.44
219.74
380.66
195.67
266.86
199.47
101.43
365.20
270.03
177.41
175.62
140.16
289.65
139.26
205.32
132.67
253.93
172.39
119.39
90.81
94.16
301.45
40.73
237.38
52.35
13.09
270.56
637.91
99.35
97.00
214.06
215.16
166.62
128.61
173.57
143.08
478.02
322.47
284.34
46.33
141.57
202.88
18.52
49.68
138.10
334.01
92.87
40.94
313.82
170.02
79.54
130.76
43.65
650.38
57.01
53.60
436.24
158.58
177.57
205.12
70.25
138.28
42.58
264.83
151.36
125.37
266.43
364.76
61.75
10.13
65.26
140.238