216.71
286.39
345.82
137.08
64.96
15.23
22.70
57.79
10.93
110.13
94.76
115.75
63.19
25.33
36.30
273.89
47.13
187.85
40.76
130.20
123.40
138.51
69.42
266.40
182.66
154.13
398.89
121.26
205.22
24.99
21.95
72.61
181.33
19.54
11.95
154.54
53.99
18.17
84.22
112.90
83.03
74.46
82.19
23.72
48.54
142.05
112.25
37.97
49.51
12.18
263.63
147.47
20.68
69.22
149.56
75.49
91.22
73.33
221.02
24.40
11.23
20.49
54.90
58.01
115.04
146.93
120.67
26.71
213.15
17.11
131.94
207.57
32.53
17.32
77.70
79.71
211.34
17.88
10.65
28.64
91.94
138.25
34.78
34.43
21.08
56.72
113.44
48.81
183.79
46.41
169.69
57.69
37.85
360.42
297.52
43.55
15.91
136.50
16.75
254.18
83.99
67.68
201.86
18.14
13.56
26.19
199.67
431.86
22.55
20.96
83.03
136.59
42.49
234.32
90.86
81.58
183.68
77.40
276.39
31.81
87.94
16.05
16.45
80.59
43.11
36.07
244.98
18.21
30.83
103.79
10.18
17.70
46.97
66.21
87.17
23.56
233.45
22.35
64.62
55.22
131.23
26.63
29.16
64.85
12.80
128.53
49.73
227.60
184.24
363.36
18.35
68.62
169.09
187.25
76.62
213.78
26.65
18.74
89.30
13.43
59.23
10.73
65.92
134.41
106.22
58.26
281.34
59.55
92.76
45.38
132.78
23.28
28.66
31.12
24.84
35.74
177.14
14.69
40.43
322.49
14.91
26.04
223.67
52.96
220.42
14.39
31.81
56.42
27.29
127.46
61.61
278.27
342.41
21.02
134.72
224.59
39.98
40.39
678.64
80.80
164.43
21.04
19.25
14.20
16.26
35.51
346.30
93.52
24.17
41.02
140.34
42.82
80.55
11.27
82.98
28.30
10.59
83.24
122.91
12.61
209.67
119.69
18.70
24.56
43.20
417.22
102.83
141.02
55.59
67.90
134.43
77.14
138.67
186.04
24.68
14.40
75.99
43.25
280.69
159.15
498.18
77.41
194.58
144.26
198.32
238.46
186.02
233.29
51.35
194.76
204.46
75.87
89.74
191.31
169.88
58.26
20.66
34.01
100.22
54.86
39.55
95.55
63.15
100.14
23.04
72.19
459.01
70.69
66.31
56.56
188.17
89.15
11.65
148.38
192.79
43.18
32.42
11.76
62.48
220.77
70.08
31.02
331.24
17.56
57.13
60.18
303.49
74.74
25.75
76.33
35.60
248.59
16.56
34.35
347.37
38.11
179.74
58.26
62.59
29.542