11.71
0.39
10.19
2.39
7.95
14.97
3.70
6.25
7.59
12.10
9.97
11.08
13.66
9.35
9.58
9.86
11.75
4.65
9.09
8.58
3.15
4.48
7.57
2.51
31.88
47.89
30.90
2.30
7.10
20.00
2.47
4.95
6.26
9.14
8.23
7.52
2.55
9.88
6.32
2.92
9.27
10.16
9.61
5.76
10.17
9.14
7.30
190.45
10.48
8.89
8.49
9.52
2.92
10.42
10.02
7.88
10.52
99.77
5.41
9.69
36.17
5.84
6.01
7.17
1.11
2.90
6.53
1.64
8.62
7.31
2.41
8.21
9.62
2.12
1.62
28.82
5.93
6.85
6.84
8.87
9.11
8.44
3.82
2.89
6.52
3.27
17.61
4.75
8.70
9.73
6.99
9.95
7.03
8.51
1.85
5.09
10.42
9.87
9.50
9.78
74.23
9.40
3.67
10.38
6.81
0.49
13.15
3.42
2.36
9.35
3.76
10.19
6.85
7.93
7.65
14.30
3.83
3.26
3.16
2.56
12.01
1.22
6.95
8.07
63.73
5.84
4.11
9.58
2.07
10.95
2.94
7.26
5.36
11.16
2.11
6.43
3.28
8.46
8.41
4.83
4.57
3.41
1.48
0.05
10.93
11.55
4.31
1.71
8.62
3.35
6.85
9.77
11.31
8.29
1.09
7.33
2.55
7.17
14.97
1.79
6.37
14.41
6.93
9.43
7.44
5.73
42.23
11.26
3.81
11.01
8.86
8.04
5.00
4.49
3.95
8.57
11.56
6.10
4.47
11.11
10.67
9.08
9.77
12.57
2.75
21.86
6.61
6.75
69.34
6.02
4.01
1.36
9.76
46.76
7.81
9.45
2.68
6.11
13.30
49.20
0.73
9.39
1.84
5.43
0.99
10.21
11.24
4.20
5.94
4.31
23.81
2.80
5.04
5.15
6.16
6.99
6.72
36.79
4.39
7.80
4.02
1.86
2.20
7.12
10.79
4.94
1.97
1.07
5.75
4.97
10.57
62.53
30.71
4.33
7.42
6.79
14.71
1.50
3.18
12.52
7.73
22.97
2.94
9.75
1.39
2.79
3.00
3.83
40.47
3.71
7.29
53.98
5.72
9.35
1.24
5.52
7.47
2.91
5.44
3.91
4.35
3.34
2.14
10.78
0.83
2.31
4.25
7.04
8.11
101.84
8.45
8.93
1.78
2.40
7.86
6.46
3.15
9.50
7.62
2.88
6.78
283.17
7.51
5.56
27.52
9.01
4.47
3.64
10.74
11.75
8.98
11.78
3.37
7.16
6.56
1.87
5.35
9.47
10.39
19.542